  0.707106781186520      -0.707106781186575      -1.423768061555045E-013
 -0.707106781186575      -0.707106781186520      -4.118742583464496E-014
  7.155169700893933E-014 -1.297995132235380E-013   1.00000000000000     
  0.707106781186540      -0.707106781186555      -3.934704045758766E-014
 -0.707106781186555      -0.707106781186540      -1.670671700375270E-014
  1.600912624246313E-014 -3.963599201189997E-014   1.00000000000000     
  0.707106781186543      -0.707106781186552      -2.226417874161692E-014
 -0.707106781186552      -0.707106781186543      -1.425725471980561E-014
  5.661750272268072E-015 -2.582455325922521E-014   1.00000000000000     
  0.707106781186545      -0.707106781186550      -2.524935445134182E-014
 -0.707106781186550      -0.707106781186545      -2.208331687288386E-014
  2.238726641218938E-015 -3.346925286503401E-014   1.00000000000000     
  0.707106781186545      -0.707106781186550       3.424730532648191E-014
 -0.707106781186550      -0.707106781186545       3.533639953021933E-014
  7.701058968138662E-016  4.920310956425673E-014   1.00000000000000     
  0.707106781186544      -0.707106781186551       5.220197888371154E-015
 -0.707106781186551      -0.707106781186544       5.338653785181571E-015
  8.376096790621340E-017  7.466235619912057E-015   1.00000000000000     
  0.707106781186544      -0.707106781186551       2.241212360369740E-015
 -0.707106781186551      -0.707106781186544       1.818548144379968E-015
 -2.988687332912480E-016  2.870684182901842E-015   1.00000000000000     
  0.707106781186544      -0.707106781186551       1.329370127029511E-015
 -0.707106781186551      -0.707106781186544       6.231024383808425E-016
 -4.994066719764168E-016  1.380606591082358E-015   1.00000000000000     
  0.707106781186550       0.707106781186545       9.116273450883121E-016
  0.707106781186545      -0.707106781186550       8.512641039066909E-018
 -6.506372238315678E-016 -6.385985314225007E-016   1.00000000000000     
  0.707106781186550       0.707106781186545       6.693876812821197E-016
  0.707106781186545      -0.707106781186550      -3.732767060095673E-016
 -2.093820785989864E-016 -7.372750587556683E-016   1.00000000000000     
  0.707106781186549       0.707106781186545       4.442556729852029E-016
  0.707106781186545      -0.707106781186549      -7.097598659882750E-016
  1.877398153059320E-016 -8.160122132027946E-016   1.00000000000000     
  0.707106781186549       0.707106781186546      -6.219435750733035E-016
  0.707106781186546      -0.707106781186549      -1.855765996267851E-015
  1.752005239706143E-015 -8.724442008066754E-016   1.00000000000000     
  0.707106781186549       0.707106781186546       1.075920486013410E-015
  0.707106781186546      -0.707106781186549      -2.340576208954432E-016
 -5.952869407540519E-016 -9.262944026011650E-016   1.00000000000000     
  0.707106781186549       0.707106781186546       6.292263096422035E-016
  0.707106781186546      -0.707106781186549      -7.227451625990563E-016
  6.612781509457668E-017 -9.559881959925554E-016   1.00000000000000     
  0.707106781186549       0.707106781186546       3.523974017619493E-016
  0.707106781186546      -0.707106781186549      -9.888817641559319E-016
  4.500624087679796E-016 -9.484275936847716E-016   1.00000000000000     
  0.707106781186549       0.707106781186546      -2.938402030122323E-016
  0.707106781186546      -0.707106781186549      -1.586235501737158E-015
  1.329414279972370E-015 -9.138614797020101E-016   1.00000000000000     
  0.707106781186550       0.707106781186545      -8.881550979055613E-015
  0.707106781186545      -0.707106781186550      -1.002151904785922E-014
  1.336648900127565E-014 -8.060791517872015E-016   1.00000000000000     
  0.707106781186543      -0.707106781186552       2.390512957518891E-015
 -0.707106781186552      -0.707106781186543       1.480572187398870E-015
 -6.434252890299600E-016  2.737270556521862E-015   1.00000000000000     
  0.707106781186532      -0.707106781186564       1.427555138593602E-015
 -0.707106781186564      -0.707106781186532       8.119236148052653E-016
 -4.353172251829043E-016  1.583550612851545E-015   1.00000000000000     
  0.690132812607945      -0.723682735017112       1.260021290446437E-015
 -0.723682735017112      -0.690132812607945       7.801686228411881E-016
 -3.049874743694484E-016  1.450275619639924E-015   1.00000000000000     
